01101001000110101110011000010001010100111101001000110110011101011011011010100110001111011111010011010111011000111110011100001011101100001001100101001010000110110111110101000001011100110011010111110110110000101110011111110001010100011101000101010100101111110000100111101101100001011100111110010010010001011110101100000101001110010000100010010011110011000010101111
11111100110100101110100011100011110000101011001101110100001100101111010111001110001111110101101010111000111011100011010101110111111011001011101000100001011100100110111111110000110011110110111111010101111
11111100110101100111100101111110000001101101110101101011011011101110101100010011000101010000010101100110000100000011011110110000110110111110101100111111110010101011010001010101101111110110001100111100110001110110111001111111000101110111001001101000010000110010111010011010100111001001101000010000110010110111111100010101111
100101011000010100000000010001100101110010010110110100110110100010110111111000010001110001111010100111011000111010011010001011000010111100110010110100111010001100110100010111000111110011011110001101001101010111000011011101110110001110101110011001100011010110100001110110000110110111100010110011000111010101101110100001011101101111101110111001000101110111010101111
01110000010001110111011101010110011000011011000110011001101110110110100111011000110111011011100101110000101100001101101111101111111000100001100101111010101101110110110110101011011111010000100001100001101101110111011000101101110111000110101010000010101110111011101110101001110111000001110110101110101001101011110101011101111110101100111111010111100011110110110101111
0110101101101110111010100101110100011100011110000101000011101100110000111011010111010110110110000011001000011001011010110011110010111111000000101010000110101011101110111011101010011011111100001110111011101110110000011010111000111001010100111100110000101111111001101011010000110001000011011101101001101010011111101011101100011010111110011001110111010011010101111
100001101101111101110110001111100111000010111011010010100110101011011100011011100100110001110101011101110110100110110111010001100100001000101101101001110110011000111101101100011011011111011101010100110111101101000100111011111011010001000101000111011110101110110101111100110111011101111011010100111011101100010110000110110111110101101111110100110100001000011001011011001100011110110110001101101111101110101010011011110110100010001111110010110001110111110011101110110001101101110101111
0110100100011010101110111011101110101110101111111000111010100011110110110011101110111011101100000110101000011101100011101111000010111111100110101101000011000000001000110011011100110110000111001110101110100010110000110110111110101101000001101110111111011111110101011010010000001010000110110111110101111
10000110110111110110000101111001100101101011101110111011101010110011111000000111011011111110011011101100011111001110000101110110100101001101010110111000110111001001100011101011000011011011111010001111011011001110111011101110110000011010101101000011000100001101110110100110101011001111001011111100010100001110110011000011101000101001010001110111101100010101111
10000110110111110111111100101110111100011010100101000000111010001010110110011011110101101100011001110101000010101110110001111110111000111101101010011101110110001101101110101111
