1101001111111001100011011100110001110101000110001101100111010011110011010100111110010110000100011100011110101000011001110001100100011001011101101011011101100011101111010101101000001111011011001110111101010111001100111100000001111000111010110111100110001000010001011100010101011101111110101110111011101110101011010000011011101111110111111101010110100100000010100001101101111101001110111111000110111111101100011010011010101111
0111000001000111011101110101011011101000110001110101101101100011100110100010011011111000111001110101110111011010011101011100010100001000101000101111000010100001101100110011011101011000001011101001111000011001110111101100000111001101101100011011010011110100110101001111110001111110101011011111011101100011101101101001111010011010111011010001100011111111110100000101101101001100110110100110101100001101101111101110110001011111111110111100001110111110110011010001101101110101111
011010010001101010011111100100101101111101011010000111011010011000011101010001100110100110101011101111101101101100010111011010001101101110100111111101110110111011101001110010110110100111101111111010111010011101001101111111011000101011010000101000010001011010011010101101011111010111101100001000110010000111100010000101111100101101111111000001110110100001110111101001101010110100010011011111110111000011101100011101101111101011000100110111111101100010111010101000010001011010011010101111
1100110011010101000010110110100111011111011100000011011101101111101100001101101111101110000110110001101010000100001100110011101010111001101110010011100100111001111011011101110110001010001110101100110111010101100010011011111110110000110100010110101100110100001000011001011011101111111011010111110011000001110111000100011101010011110011000010101111
11110011010101110000111011101101000111000110110111100010101000011010100111111001011000111011111001110111011000101100001101101111101110110001111110111000111101101010011101110110001101101110100111110010011011011000010000110010110111001100001000101011101110100110000111000111100000111011010111010100110101111011010011010101111
001011101001100000110101011101110111011101011101111010011001110011110110001110001100110011101010011101110011101011100001110111000110101011010000111101100000101111011101101100001101101111101110100111110111010011000110111111110011000110100110110100111101001101011101001111001101101001101101100101100101100001101101111101110110101111101101101001101110001100001010101111
100011101101011101110111011101010110100110011110101101011100000100001101110110000100111000010110000101111001100101101011101110111011101011101001111111001100011011100110001110101000110001101100111011011101100010010000110111010101101011011000100010000101101101110110111010011111110011000110111001100011101010001100011011001110110101000001011111001101110101001110010001011011111110000110011011101001100011011110011110011001111
01000011010111001100001000101101001101010110111010001100110100010111011010011111101101101100010111110111000000110101011011101101101101010110111110100001000011000010110000110110111110110001101110110111001011100001010011111100111000110100110101110111001001101000111010110000110110111110100111001001101000111010101000011010101110111011101110101101110110000010000001110110100111111100110001110111000110101001111110101000010001011101101101001111010011010101111
011101110111011101011101101010001111010101101000100111011111011100000011010111011000111000111010100111100110100001010111011010010111011000010001110110001011110101110100111111111000110000100110111111111100010101000011010101110111011101110101001101111110000111011101110111010000001110110101100111111000001101110110001011111110011010111011101110111010100001110110001110111100011110011010101111
11001010001110001111010100001110110001110111101010110111100110001101000000110100110101000111001110001111000110101000011101100011101111010111001111111000111000001110100011010011010101110010011010101010110111111100110110111100010110000110110111110100101001101000111000011010011010110000110110111110101110011110110101001101010101110101010000101110000101111111001101011101110001000100001000011010011010101111
01000011001100001001101101101111010000110010110101110111011101110101110110000110000001110110111010011111111000000111011010011111110011000111011100011001110000100110110100111101101101111
